    0.3617
    1.2513
    1.4835
    0.5954
    0.3292
    0.8601
    0.0194
    0.3786
    0.7320
    0.9362
    1.0695
    0.3160
    0.8242
    2.8188
    0.9212
    0.3038
    1.7011
    1.7404
    0.6320
    0.6314
    0.4551
    0.1632
    0.3223
    0.4926
    0.3251
    1.1302
    1.0167
    1.4773
    1.2251
    0.4605
    2.3848
    0.8354
    0.8420
    0.7059
    0.8537
    1.1639
    0.8525
    0.1127
    0.0575
    0.6895
    0.4717
    2.1575
    1.1480
    0.8799
    0.1435
    1.3845
    0.7277
    0.0145
    0.6549
    0.4896
    2.1150
    0.1907
    0.5057
    0.6068
    1.0707
    1.1903
    0.8746
    0.3838
    0.1330
    0.6725
    0.4015
    0.5345
    0.4702
    0.3935
    0.1716
    2.4866
    0.2696
    1.4120
    1.6387
    0.5578
    2.3464
    0.1218
    0.4664
    0.3238
    4.1271
    0.5201
    0.5856
    1.8391
    1.8769
    0.3631
    1.1433
    0.3682
    0.5899
    0.9443
    0.0778
    0.1724
    1.0289
    3.1329
    1.1882
    0.9208
    0.3496
    0.0047
    1.0331
    0.2711
    0.5223
    0.3686
    1.8896
    0.9191
    1.4236
    1.0687
    0.6672
    0.4055
    2.2452
    2.0334
    1.1333
    0.4131
    0.1666
    0.5919
    0.1573
    0.9549
    1.1495
    1.0377
    1.7656
    0.1874
    1.0827
    0.5935
    0.5472
    0.6510
    5.9189
    0.0117
    0.0994
    1.5720
    1.2293
    0.6539
    0.1032
    0.0165
    1.3566
    0.5721
    0.2145
    0.9305
    0.3132
    1.8259
    0.5097
    0.1440
    0.0166
    2.5337
    0.8478
    1.5870
    0.7971
    0.6019
    2.3716
    1.2145
    0.0752
    0.5639
    0.7822
    0.2830
    0.2986
    3.0246
    0.3443
    0.1753
    1.7961
    0.2472
    1.2499
    1.1826
    0.4076
    2.1947
    0.4082
    0.1189
    0.3620
    0.8202
    0.8250
    0.2678
    0.5698
    2.4662
    0.5401
    0.2048
    1.0875
    0.0752
    0.2867
    0.5550
    0.2855
    2.5364
    0.1515
    0.1966
    0.0945
    2.0508
    2.5037
    1.9775
    0.9178
    0.8573
    0.5759
    2.1017
    1.6025
    0.2087
    0.7593
    0.2133
    4.9027
    0.5949
    0.0705
    0.5410
    1.5794
    0.3316
    0.9703
    0.4029
    3.5295
    0.4527
    3.4359
    0.2947
    0.7488
    2.1057
    0.6113
    2.7064
    0.4256
    0.0039
    0.2621
    0.5555
    2.2766
    0.3569
    0.4137
    3.0140
    0.2328
    0.6564
    0.8536
    0.2380
    0.8878
    0.7318
    1.7058
    1.1353
    0.1678
    1.6772
    0.8740
    0.0110
    1.4414
    0.0868
    0.0851
    2.3936
    0.7686
    0.6887
    1.1594
    3.0504
    1.4201
    2.3483
    1.4344
    0.2135
    0.1110
    3.1414
    1.1975
    0.0196
    0.6171
    0.4679
    5.1948
    0.7238
    0.0117
    0.9803
    2.3327
    0.7724
    0.0377
    1.0734
    0.2245
    0.2246
    1.5690
    0.8134
    0.3346
    0.8903
    1.6554
    0.0330
    0.4296
    0.1445
    3.6792
    1.3209
    0.6890
    2.6964
    0.0070
    1.4420
    0.9827
    1.5417
    2.2496
    1.4590
    1.2019
    0.4550
    1.2686
    1.0153
    5.1256
    1.0059
    0.6276
    1.8201
    0.5151
    1.2271
    0.4588
    3.6421
    0.1192
    4.1278
    2.0639
    0.2521
    3.0814
    0.3411
    0.0294
    0.1373
    0.3423
    0.0424
    0.8444
    0.1360
    1.0329
    0.0728
    1.9053
    0.0618
    0.1831
    0.1672
    2.0881
    0.5167
    4.1109
    0.3269
    4.8617
    2.4672
    1.4894
    0.1334
    1.0118
    0.6163
    0.5655
    1.4896
    0.5584
    0.4141
    1.2098
    0.8708
    0.7917
    0.0700
    0.5319
    0.0531
    0.5869
    0.6920
    5.6458
    0.7321
    0.0753
    1.6176
    2.9548
    0.8995
    0.9878
    0.1541
    3.6264
    0.0832
    0.3843
    0.1007
    0.4984
    0.2083
    1.0920
    1.0511
    0.9419
    0.2813
    0.9962
    1.4179
    0.0644
    0.0965
    1.0533
    0.4547
    1.2952
    1.5793
    1.0896
    1.1175
    0.1253
    0.1956
    0.3430
    0.0415
    0.8615
    1.4064
    2.1422
    1.2005
    1.9292
    2.3839
    0.5060
    1.0101
    0.5717
    1.6537
    0.3902
    1.5348
    1.2800
    0.2987
    0.5803
    1.0941
    0.6107
    0.3653
    0.0920
    0.5435
    1.4581
    0.2921
    0.2513
    1.6074
    0.1978
    0.7659
    0.2488
    1.4377
    1.1009
    0.0474
    0.4188
    0.2576
    0.3734
    1.5881
    0.7536
    0.2120
    0.3930
    5.1114
    2.4372
    1.0590
    0.0572
    0.7109
    1.3087
    1.0205
    1.5575
    0.8646
    1.5231
    0.1675
    0.7847
    1.2737
    0.0695
    1.1572
    0.0946
    3.1369
    0.3466
    0.7259
    0.8114
    3.3153
    3.2019
    1.1004
    0.0543
    0.4818
    0.9973
    0.4911
    1.5792
    1.8014
    1.0166
    0.1469
    0.6745
    1.2144
    0.0510
    0.2034
    1.1302
    0.0283
    0.0127
    0.8949
    0.4217
    0.9023
    1.3573
    2.4931
    1.3333
    1.3039
    0.9197
    1.6880
    0.0473
    2.2742
    0.4697
    0.8171
    0.8592
    0.9889
    0.1412
    1.2713
    3.8836
    0.0855
    0.1456
    1.2841
    0.6472
    2.2156
    2.3706
    0.1774
    0.8910
    0.4129
    0.0585
    1.4060
    4.3306
    3.7235
    0.3434
    0.0784
    0.7607
    0.9805
    0.6109
    0.1521
    0.4275
    1.4568
    0.2554
    2.0053
    1.7984
    0.4899
    1.4322
    0.3499
    1.0512
    1.2822
    0.0011
    3.2036
    0.4372
    3.2519
    0.2742
    1.4693
    2.4098
    0.4332
    0.3112
    0.3885
    2.9584
    1.2231
    0.7961
    1.2479
    0.2101
    2.0317
    0.4907
    0.0119
    0.1025
    1.5044
    9.4102
    0.0196
    0.1248
    0.0840
    0.8783
    0.2949